Classification Report
                precision    recall  f1-score   support

      Analysis     0.0780    0.0364    0.0497       302
      Backdoor     0.1330    0.0894    0.1069       302
           DoS     0.0727    0.0265    0.0388       302
      Exploits     0.1103    0.0497    0.0685       302
       Fuzzers     0.5000    0.0232    0.0443       302
       Generic     1.0000    0.0199    0.0390       302
        Normal     0.0495    0.3013    0.0850       302
Reconnaissance     1.0000    0.0066    0.0132       302
     Shellcode     0.2180    0.1921    0.2042       302

      accuracy                         0.0828      2718
     macro avg     0.3513    0.0828    0.0722      2718
  weighted avg     0.3513    0.0828    0.0722      2718


Confusion Matrix
[[ 11  13  11   3   0   0 263   0   1]
 [ 16  27  13   1   0   0 224   0  21]
 [  8  26   8   9   1   0 228   0  22]
 [  1  14   3  15   2   0 201   0  66]
 [ 26  10   7   1   7   0 217   0  34]
 [ 23   0   0   1   0   6 272   0   0]
 [ 50  43   0 105   0   0  91   0  13]
 [  2   6  28   1   4   0 208   2  51]
 [  4  64  40   0   0   0 136   0  58]]
