Classification Report
                precision    recall  f1-score   support

      Analysis     0.2635    0.3543    0.3023       302
      Backdoor     0.2107    0.2086    0.2097       302
           DoS     0.2247    0.2351    0.2298       302
      Exploits     0.5399    0.4702    0.5027       302
       Fuzzers     0.7196    0.6457    0.6806       302
       Generic     0.9835    0.9868    0.9851       302
        Normal     0.8092    0.8146    0.8119       302
Reconnaissance     0.8303    0.7616    0.7945       302
     Shellcode     0.8853    0.8179    0.8503       302

      accuracy                         0.5883      2718
     macro avg     0.6074    0.5883    0.5963      2718
  weighted avg     0.6074    0.5883    0.5963      2718


Confusion Matrix
[[107 100  56  24   5   2   6   1   1]
 [125  63  80  20   9   0   1   3   1]
 [102  58  71  47   7   1   1   9   6]
 [ 35  37  62 142   2   1   6  10   7]
 [ 13  18  17   6 195   0  37   7   9]
 [  1   2   1   0   0 298   0   0   0]
 [  8   2   3   0  34   0 246   5   4]
 [ 15  14  16  18   4   0   1 230   4]
 [  0   5  10   6  15   1   6  12 247]]
