Classification Report
                precision    recall  f1-score   support

      Analysis     0.3135    0.3311    0.3221       302
      Backdoor     0.2625    0.2252    0.2424       302
           DoS     0.2635    0.2748    0.2690       302
      Exploits     0.5331    0.5596    0.5460       302
       Fuzzers     0.7173    0.7815    0.7480       302
       Generic     1.0000    0.9868    0.9933       302
        Normal     0.9365    0.7815    0.8520       302
Reconnaissance     0.8276    0.7947    0.8108       302
     Shellcode     0.8584    0.9636    0.9080       302

      accuracy                         0.6332      2718
     macro avg     0.6347    0.6332    0.6324      2718
  weighted avg     0.6347    0.6332    0.6324      2718


Confusion Matrix
[[100  86  69  32   8   0   0   7   0]
 [ 97  68  86  28   6   0   0  12   5]
 [ 64  54  83  63  13   0   1  15   9]
 [ 29  30  46 169   8   0   2  10   8]
 [  9  11  12   4 236   0  12   5  13]
 [  0   2   0   2   0 298   0   0   0]
 [  8   0   2   0  49   0 236   0   7]
 [ 12   8  16  18   2   0   0 240   6]
 [  0   0   1   1   7   0   1   1 291]]
